Initiator,Receiver
6,9
9,8
1,3
2,11
8,7
5,8
4,3
11,9
